1175377.50
  58744.46
  80560.55
  81153.78
  65437.47
  75154.97
  68252.93
  70357.60
  69170.72
  61920.20
  67914.75
  59266.61
  64721.54
  65426.58
  61182.29
  70019.88
  76922.10
  65306.14
  58248.70
  53409.26
  63013.82
  68545.68
  54695.66
  53861.52
  43920.15
  55224.16
  56994.12
  48735.90
  47319.45
  54156.56
  42531.55
  48145.63
  34047.31
  37551.16
  32613.09
  35278.76
  42403.17
  28402.08
  21878.27
  26445.65
  22040.12
  39005.81
  25945.38
  11270.56
  30026.35
  12677.52
  15678.91
   5241.87
   7326.03
  12967.81
   2840.73
   1743.54
  20193.86
  -5377.74
   9430.27
 -10788.24
  -5749.58
  -4988.57
 -12976.42
 -11736.59
   3023.32
  -5321.12
 -18014.12
 -23817.25
 -18494.05
 -16940.37
 -27298.16
 -28035.17
 -39138.38
 -31557.85
 -30659.59
 -31127.64
 -31241.26
 -41402.09
 -40257.96
 -38579.53
 -42253.54
 -48680.71
 -44431.43
 -36133.44
 -47736.66
 -45175.86
 -51352.20
 -60987.34
 -36059.57
 -58999.47
 -57024.02
 -65262.82
 -58359.07
 -62094.73
 -61429.81
 -49105.85
 -53587.77
 -69514.53
 -52134.70
 -50132.07
 -66954.68
 -56985.66
 -61505.45
 -65077.81
 -44922.52
 -57576.46
 -63271.34
 -76291.44
 -62911.34
 -54025.61
 -67690.87
 -58486.41
 -73444.95
 -65726.88
 -71836.45
 -66437.62
 -71087.73
 -61876.82
 -72697.90
 -60303.89
 -59381.55
 -68319.98
 -68222.91
 -75146.50
 -65036.03
 -74412.69
 -64923.98
 -60031.73
 -55600.68
 -64332.43
 -59081.90
 -68630.06
 -57537.78
 -60859.79
 -61102.68
 -52943.02
 -55742.14
 -48139.11
 -50198.04
 -44020.77
 -38306.53
 -56518.95
 -44173.83
 -42125.35
 -30387.62
 -39856.82
 -37720.61
 -42231.01
 -32623.85
 -35772.32
 -39936.78
 -27218.75
 -33299.47
 -27526.52
 -20213.18
 -32780.31
 -15163.27
 -16840.68
 -15845.30
 -14307.05
  -6346.94
  -6138.24
 -17759.78
  -8071.20
  -7806.90
   4126.60
   7195.19
   2373.46
   5152.95
  -1016.85
   3896.65
  15257.70
  21949.22
  11425.59
  18086.21
  16082.09
  26289.52
  15382.01
  14810.38
  30145.11
  31876.33
  37385.38
  22326.21
  19798.97
  38406.55
  32796.54
  37917.00
  28987.38
  40586.48
  44851.46
  44932.00
  48737.50
  50989.28
  52466.86
  52609.82
  54529.20
  46469.05
  55483.25
  68860.23
  59616.49
  62987.59
  62301.76
  65944.25
  61585.60
  66157.02
  62208.34
  56992.94
  57660.23
  66920.10
  77403.43
  61903.68
  59761.09
  70408.25
  68352.29
  67385.07
  65218.84
  77282.02
  63787.57
  78757.18
  67636.60
  67722.73
  71341.34
  71363.54
  63105.05
  65738.55
  66754.85
  69972.12
  71963.05
  69189.99
  62608.95
  73956.05
  59611.16
  54623.99
  65023.97
  57228.14
  50475.14
  68364.14
  66362.64
  63723.27
  57487.43
  58918.91
  56899.21
  48939.46
  59422.22
  59839.35
  39281.41
  49572.90
  39524.94
  39468.25
  38753.76
  45712.68
  39286.43
  45154.78
  29216.66
  35545.34
  38368.54
  32892.95
  25217.70
  31034.04
  26569.55
  29518.96
  23230.21
  23646.43
  26418.06
  28205.12
  12932.69
  13030.75
  10691.24
  15536.50
   6830.94
   4981.27
   2332.03
   4308.43
  -1366.34
  -2838.55
   4440.09
   8664.24
 -12252.36
 -11028.00
  -1990.78
 -14912.50
  -5498.91
 -17556.21
 -16671.21
 -19654.77
 -25932.92
 -20759.63
 -33253.19
 -38005.13
 -31347.65
 -32233.38
 -39135.09
 -39830.05
 -40657.09
 -37952.22
 -35519.60
 -30111.47
 -53918.22
 -36908.35
 -40808.57
 -48609.90
 -45612.36
 -49962.16
 -65645.46
 -53126.49
 -61283.54
 -51292.46
 -45862.55
 -53650.39
 -49353.70
 -53343.98
 -53349.56
 -61315.48
 -58444.62
 -58436.79
 -66111.20
 -69162.07
 -67361.95
 -57589.92
 -66442.06
 -71373.66
 -64176.28
 -61631.91
 -64037.51
 -72331.52
 -63103.72
 -73780.42
 -79824.74
 -73603.26
 -74192.66
 -68944.55
 -67559.55
 -73824.70
 -65477.32
 -66483.88
 -58126.95
 -79279.28
 -69347.43
 -59897.03
 -68795.32
 -74465.79
 -62977.81
 -61535.04
 -59574.41
 -68187.30
 -54885.13
 -49844.23
 -52177.96
 -58219.39
 -56608.12
 -54462.40
 -53147.28
 -51119.48
 -55322.76
 -44935.08
 -45073.25
 -41350.77
 -39607.38
 -50059.05
 -50047.29
 -42112.89
 -33453.95
 -27336.10
 -30868.54
 -32188.94
 -25294.28
 -33721.75
 -30047.01
 -30041.34
 -20955.07
 -16812.78
 -23827.16
 -17079.82
 -18330.18
 -14428.23
 -12593.87
  -5607.96
  -9958.49
 -12334.10
 -12856.28
   9157.21
    -40.94
  11582.14
  -1049.28
   5182.68
  12559.08
   2395.03
   3640.80
  12255.96
  10690.56
  13990.07
  25340.51
  10912.03
  26451.78
  27057.46
  20041.44
  27076.56
  35193.96
  36236.09
  32653.39
  31360.47
  43606.16
  40581.94
  33852.54
  34355.11
  35669.49
  44147.54
  47852.96
  37339.68
  45708.30
  40143.66
  63457.02
  53104.87
  60928.84
  60595.68
  54117.96
  56522.19
  60369.36
  60708.18
  72456.62
  53096.85
  56864.32
  64774.23
  68459.96
  57950.20
  60297.20
  70119.07
  72451.79
  71492.23
  70948.30
  70281.53
  67010.13
  67755.63
  72693.09
  77509.74
  77164.98
  57752.46
  79488.68
  72728.27
  72311.27
  70443.16
  66342.09
  66692.13
  74952.70
  56141.83
  57144.34
  71834.04
  68562.30
  63945.86
  56760.87
  59287.41
  64222.61
  64076.05
  66372.18
  61746.88
  59742.71
  60482.03
  56332.71
  54604.58
  46132.28
  53987.25
  49694.36
  54139.98
  43078.47
  56083.38
  41055.21
  35414.36
  47359.73
  43982.95
  44455.79
  31249.04
  37590.12
  42271.45
  31081.31
  32501.98
  38079.32
  18446.93
  25759.52
  19509.25
  10449.19
  23877.06
   5106.71
  20524.25
   -533.61
   4757.04
   6138.64
   3820.68
  16108.35
  13602.89
  -3293.09
  -6705.98
  -3374.39
  -5812.78
  -9531.38
 -10869.06
  -9497.05
 -17580.86
  -1782.72
 -13866.72
 -19873.32
 -16096.00
 -31635.15
 -13689.02
 -30568.57
 -38810.61
 -34004.64
 -30843.72
 -27612.67
 -24061.19
 -43714.57
 -37463.91
 -36817.62
 -49956.67
 -49916.41
 -43311.08
 -54557.92
