1175380.62
  58744.52
  80560.42
  81153.73
  65437.40
  75154.99
  68252.67
  70357.64
  69170.87
  61919.78
  67914.64
  59266.66
  64721.38
  65426.78
  61182.48
  70020.09
  76922.12
  65306.27
  58248.29
  53409.15
  63013.86
  68545.41
  54695.84
  53861.52
  43920.38
  55223.99
  56994.19
  48735.77
  47319.22
  54156.63
  42531.22
  48145.63
  34047.37
  37551.18
  32613.23
  35278.71
  42403.31
  28402.05
  21878.32
  26445.77
  22040.09
  39005.78
  25945.38
  11270.55
  30026.45
  12677.54
  15678.94
   5241.85
   7326.03
  12967.73
   2840.75
   1743.53
  20193.82
  -5377.79
   9430.28
 -10788.21
  -5749.56
  -4988.58
 -12976.43
 -11736.61
   3023.32
  -5321.10
 -18014.05
 -23817.30
 -18494.00
 -16940.39
 -27298.09
 -28035.19
 -39138.46
 -31557.84
 -30659.57
 -31127.81
 -31241.15
 -41401.89
 -40257.97
 -38579.70
 -42253.29
 -48680.71
 -44431.43
 -36133.43
 -47736.68
 -45176.01
 -51352.40
 -60987.46
 -36059.49
 -58999.17
 -57023.86
 -65262.85
 -58358.97
 -62094.70
 -61429.65
 -49105.99
 -53587.67
 -69514.09
 -52134.38
 -50132.09
 -66954.68
 -56985.81
 -61505.32
 -65077.79
 -44922.50
 -57576.63
 -63271.36
 -76291.31
 -62911.59
 -54025.95
 -67690.64
 -58486.26
 -73444.98
 -65726.70
 -71836.59
 -66437.46
 -71087.54
 -61876.71
 -72698.05
 -60304.20
 -59381.86
 -68319.91
 -68223.12
 -75146.58
 -65036.04
 -74412.72
 -64923.88
 -60031.89
 -55600.89
 -64332.35
 -59081.70
 -68630.66
 -57537.61
 -60860.08
 -61102.63
 -52942.93
 -55742.04
 -48139.22
 -50198.17
 -44020.50
 -38306.58
 -56519.09
 -44173.83
 -42125.19
 -30387.47
 -39856.97
 -37720.73
 -42230.80
 -32623.94
 -35772.27
 -39936.93
 -27218.69
 -33299.65
 -27526.41
 -20213.20
 -32780.36
 -15163.37
 -16840.68
 -15845.33
 -14307.03
  -6346.96
  -6138.24
 -17759.76
  -8071.20
  -7806.90
   4126.60
   7195.17
   2373.44
   5152.99
  -1016.87
   3896.65
  15257.78
  21949.22
  11425.62
  18086.16
  16082.19
  26289.62
  15382.06
  14810.41
  30145.04
  31876.34
  37385.67
  22326.29
  19798.96
  38406.58
  32796.65
  37916.88
  28987.43
  40586.16
  44851.71
  44931.83
  48737.39
  50989.07
  52466.72
  52610.12
  54529.12
  46469.05
  55483.02
  68860.39
  59616.70
  62987.42
  62301.70
  65943.88
  61585.67
  66156.93
  62208.26
  56992.86
  57660.20
  66920.12
  77403.31
  61903.61
  59761.24
  70408.09
  68352.36
  67384.51
  65218.55
  77281.55
  63787.85
  78757.34
  67636.61
  67722.52
  71341.49
  71363.74
  63105.21
  65738.61
  66754.90
  69971.98
  71963.08
  69190.23
  62609.03
  73956.19
  59611.25
  54624.31
  65023.90
  57228.34
  50475.25
  68363.98
  66362.26
  63723.27
  57487.24
  58918.82
  56899.34
  48939.21
  59422.33
  59839.61
  39281.19
  49572.76
  39524.91
  39468.09
  38753.92
  45712.71
  39286.34
  45154.86
  29216.62
  35545.23
  38368.50
  32893.07
  25217.71
  31033.88
  26569.65
  29518.97
  23230.23
  23646.47
  26418.05
  28205.03
  12932.63
  13030.77
  10691.25
  15536.43
   6830.92
   4981.25
   2332.04
   4308.44
  -1366.35
  -2838.58
   4440.09
   8664.21
 -12252.38
 -11028.11
  -1990.78
 -14912.44
  -5498.94
 -17556.13
 -16671.19
 -19654.79
 -25932.93
 -20759.63
 -33253.28
 -38005.00
 -31347.52
 -32233.56
 -39135.02
 -39830.05
 -40656.89
 -37952.21
 -35519.63
 -30111.29
 -53918.23
 -36908.18
 -40808.39
 -48609.95
 -45612.59
 -49962.05
 -65645.47
 -53126.45
 -61283.76
 -51292.47
 -45862.49
 -53650.27
 -49353.79
 -53343.98
 -53349.59
 -61315.45
 -58444.66
 -58436.81
 -66110.86
 -69162.09
 -67362.03
 -57589.65
 -66441.86
 -71373.88
 -64176.33
 -61631.95
 -64037.33
 -72331.47
 -63103.52
 -73780.23
 -79825.08
 -73603.38
 -74192.97
 -68944.35
 -67559.92
 -73824.45
 -65477.26
 -66483.83
 -58126.98
 -79279.36
 -69347.29
 -59897.00
 -68795.34
 -74465.30
 -62977.67
 -61535.38
 -59574.45
 -68187.30
 -54885.19
 -49844.46
 -52177.91
 -58219.50
 -56607.96
 -54462.67
 -53147.48
 -51119.43
 -55323.08
 -44935.09
 -45073.30
 -41350.79
 -39607.50
 -50059.02
 -50047.03
 -42112.87
 -33454.01
 -27336.26
 -30868.40
 -32188.96
 -25294.30
 -33721.91
 -30047.08
 -30041.24
 -20955.09
 -16812.77
 -23827.23
 -17080.02
 -18330.18
 -14428.25
 -12593.84
  -5607.98
  -9958.50
 -12334.12
 -12856.27
   9157.19
    -40.93
  11582.15
  -1049.28
   5182.67
  12559.08
   2395.03
   3640.78
  12255.93
  10690.48
  13990.01
  25340.53
  10912.06
  26451.77
  27057.49
  20041.30
  27076.58
  35194.03
  36235.93
  32653.47
  31360.53
  43606.19
  40581.86
  33852.52
  34355.01
  35669.52
  44147.35
  47853.09
  37339.80
  45708.34
  40143.47
  63457.01
  53105.24
  60928.88
  60595.72
  54118.11
  56522.01
  60369.48
  60708.13
  72456.75
  53097.15
  56864.36
  64774.31
  68459.81
  57950.07
  60297.51
  70119.09
  72451.78
  71491.94
  70948.08
  70281.45
  67009.92
  67755.77
  72692.61
  77509.84
  77164.69
  57752.38
  79488.86
  72728.71
  72311.41
  70443.18
  66341.85
  66692.34
  74952.42
  56141.74
  57144.16
  71834.09
  68562.33
  63945.96
  56760.98
  59287.30
  64222.59
  64075.91
  66372.23
  61746.82
  59742.89
  60481.90
  56332.80
  54604.33
  46132.44
  53987.34
  49694.32
  54140.08
  43078.42
  56083.21
  41055.12
  35414.49
  47359.87
  43982.89
  44455.81
  31249.02
  37590.07
  42271.48
  31081.45
  32501.97
  38079.23
  18446.93
  25759.57
  19509.32
  10449.25
  23877.17
   5106.71
  20524.29
   -533.58
   4757.03
   6138.68
   3820.68
  16108.28
  13602.82
  -3293.10
  -6705.98
  -3374.39
  -5812.79
  -9531.36
 -10869.09
  -9497.04
 -17580.87
  -1782.70
 -13866.78
 -19873.34
 -16096.04
 -31635.13
 -13689.01
 -30568.62
 -38810.77
 -34004.72
 -30843.86
 -27612.69
 -24061.13
 -43714.36
 -37463.85
 -36817.55
 -49956.71
 -49916.31
 -43310.91
 -54557.81
