1175377.50
  58744.46
  80560.55
  81153.78
  65437.47
  75154.96
  68252.92
  70357.60
  69170.71
  61920.20
  67914.75
  59266.61
  64721.54
  65426.57
  61182.30
  70019.88
  76922.10
  65306.14
  58248.70
  53409.26
  63013.82
  68545.68
  54695.66
  53861.51
  43920.16
  55224.15
  56994.12
  48735.89
  47319.45
  54156.57
  42531.57
  48145.63
  34047.30
  37551.16
  32613.09
  35278.76
  42403.18
  28402.08
  21878.26
  26445.65
  22040.13
  39005.81
  25945.38
  11270.55
  30026.35
  12677.52
  15678.91
   5241.87
   7326.03
  12967.81
   2840.73
   1743.54
  20193.86
  -5377.75
   9430.27
 -10788.24
  -5749.57
  -4988.57
 -12976.42
 -11736.59
   3023.32
  -5321.12
 -18014.12
 -23817.26
 -18494.05
 -16940.37
 -27298.16
 -28035.18
 -39138.38
 -31557.85
 -30659.60
 -31127.64
 -31241.25
 -41402.09
 -40257.96
 -38579.52
 -42253.54
 -48680.71
 -44431.43
 -36133.44
 -47736.66
 -45175.88
 -51352.20
 -60987.33
 -36059.56
 -58999.46
 -57024.02
 -65262.82
 -58359.06
 -62094.73
 -61429.81
 -49105.86
 -53587.77
 -69514.53
 -52134.71
 -50132.08
 -66954.68
 -56985.66
 -61505.46
 -65077.82
 -44922.52
 -57576.46
 -63271.34
 -76291.45
 -62911.35
 -54025.61
 -67690.87
 -58486.41
 -73444.95
 -65726.88
 -71836.43
 -66437.62
 -71087.73
 -61876.82
 -72697.89
 -60303.89
 -59381.55
 -68319.98
 -68222.91
 -75146.50
 -65036.02
 -74412.69
 -64923.98
 -60031.73
 -55600.68
 -64332.43
 -59081.91
 -68630.05
 -57537.78
 -60859.79
 -61102.70
 -52943.02
 -55742.15
 -48139.11
 -50198.06
 -44020.77
 -38306.54
 -56518.96
 -44173.82
 -42125.36
 -30387.62
 -39856.81
 -37720.62
 -42231.00
 -32623.86
 -35772.32
 -39936.79
 -27218.74
 -33299.47
 -27526.51
 -20213.18
 -32780.32
 -15163.27
 -16840.68
 -15845.29
 -14307.05
  -6346.93
  -6138.24
 -17759.78
  -8071.20
  -7806.89
   4126.60
   7195.19
   2373.47
   5152.95
  -1016.85
   3896.65
  15257.71
  21949.21
  11425.59
  18086.22
  16082.10
  26289.52
  15382.02
  14810.38
  30145.12
  31876.32
  37385.38
  22326.21
  19798.97
  38406.56
  32796.54
  37917.00
  28987.39
  40586.48
  44851.46
  44932.01
  48737.50
  50989.28
  52466.85
  52609.81
  54529.20
  46469.06
  55483.26
  68860.24
  59616.50
  62987.60
  62301.77
  65944.24
  61585.60
  66157.02
  62208.34
  56992.94
  57660.23
  66920.10
  77403.44
  61903.68
  59761.07
  70408.26
  68352.27
  67385.07
  65218.84
  77282.02
  63787.58
  78757.18
  67636.59
  67722.73
  71341.34
  71363.55
  63105.06
  65738.55
  66754.86
  69972.12
  71963.07
  69189.98
  62608.95
  73956.03
  59611.17
  54623.98
  65023.98
  57228.14
  50475.14
  68364.15
  66362.64
  63723.27
  57487.44
  58918.92
  56899.21
  48939.46
  59422.22
  59839.34
  39281.42
  49572.89
  39524.95
  39468.25
  38753.77
  45712.67
  39286.43
  45154.79
  29216.66
  35545.34
  38368.54
  32892.95
  25217.70
  31034.04
  26569.56
  29518.95
  23230.21
  23646.44
  26418.06
  28205.12
  12932.70
  13030.74
  10691.25
  15536.50
   6830.94
   4981.26
   2332.03
   4308.43
  -1366.34
  -2838.55
   4440.09
   8664.25
 -12252.35
 -11028.00
  -1990.78
 -14912.48
  -5498.90
 -17556.21
 -16671.21
 -19654.78
 -25932.91
 -20759.63
 -33253.18
 -38005.13
 -31347.65
 -32233.38
 -39135.09
 -39830.04
 -40657.09
 -37952.22
 -35519.60
 -30111.48
 -53918.22
 -36908.34
 -40808.57
 -48609.90
 -45612.36
 -49962.15
 -65645.46
 -53126.50
 -61283.55
 -51292.47
 -45862.55
 -53650.40
 -49353.71
 -53343.99
 -53349.55
 -61315.48
 -58444.63
 -58436.79
 -66111.19
 -69162.06
 -67361.95
 -57589.94
 -66442.07
 -71373.66
 -64176.28
 -61631.92
 -64037.51
 -72331.51
 -63103.73
 -73780.41
 -79824.74
 -73603.27
 -74192.66
 -68944.55
 -67559.54
 -73824.70
 -65477.33
 -66483.88
 -58126.95
 -79279.28
 -69347.41
 -59897.03
 -68795.33
 -74465.80
 -62977.80
 -61535.05
 -59574.41
 -68187.30
 -54885.12
 -49844.23
 -52177.96
 -58219.39
 -56608.11
 -54462.41
 -53147.29
 -51119.47
 -55322.76
 -44935.08
 -45073.24
 -41350.77
 -39607.39
 -50059.06
 -50047.28
 -42112.88
 -33453.93
 -27336.12
 -30868.54
 -32188.94
 -25294.28
 -33721.75
 -30047.01
 -30041.34
 -20955.07
 -16812.78
 -23827.17
 -17079.82
 -18330.19
 -14428.23
 -12593.86
  -5607.95
  -9958.49
 -12334.11
 -12856.28
   9157.21
    -40.94
  11582.13
  -1049.28
   5182.67
  12559.08
   2395.03
   3640.80
  12255.96
  10690.55
  13990.06
  25340.51
  10912.02
  26451.79
  27057.46
  20041.43
  27076.56
  35193.96
  36236.10
  32653.40
  31360.47
  43606.15
  40581.94
  33852.54
  34355.11
  35669.48
  44147.54
  47852.95
  37339.67
  45708.30
  40143.66
  63457.02
  53104.88
  60928.83
  60595.68
  54117.97
  56522.19
  60369.38
  60708.18
  72456.61
  53096.85
  56864.34
  64774.24
  68459.96
  57950.19
  60297.20
  70119.06
  72451.78
  71492.24
  70948.30
  70281.53
  67010.12
  67755.63
  72693.09
  77509.73
  77164.96
  57752.46
  79488.69
  72728.27
  72311.27
  70443.16
  66342.09
  66692.13
  74952.70
  56141.82
  57144.34
  71834.04
  68562.31
  63945.87
  56760.86
  59287.42
  64222.61
  64076.06
  66372.17
  61746.88
  59742.71
  60482.04
  56332.71
  54604.58
  46132.28
  53987.25
  49694.36
  54139.96
  43078.46
  56083.38
  41055.20
  35414.36
  47359.73
  43982.97
  44455.77
  31249.04
  37590.12
  42271.45
  31081.31
  32501.98
  38079.31
  18446.94
  25759.51
  19509.25
  10449.19
  23877.06
   5106.71
  20524.25
   -533.60
   4757.05
   6138.65
   3820.68
  16108.35
  13602.89
  -3293.09
  -6705.99
  -3374.39
  -5812.77
  -9531.38
 -10869.07
  -9497.06
 -17580.86
  -1782.72
 -13866.72
 -19873.32
 -16096.00
 -31635.15
 -13689.02
 -30568.57
 -38810.61
 -34004.64
 -30843.73
 -27612.67
 -24061.19
 -43714.57
 -37463.92
 -36817.62
 -49956.68
 -49916.41
 -43311.07
 -54557.91
